17,6
17,5
17,4
17,3
17,2
17,1
17,0
16,6
16,5
16,4
16,3
16,2
16,1
16,0
15,4
15,3
15,2
15,1
15,0
14,4
14,3
14,2
14,1
14,0
13,4
13,3
13,2
13,1
13,0
12,31
12,30
12,29
12,28
12,27
12,26
12,25
12,24
12,23
12,22
12,21
12,20
12,19
12,18
12,17
12,16
12,15
12,14
12,13
12,12
12,11
12,10
12,9
12,8
12,7
12,6
12,5
12,4
12,3
12,2
12,1
12,0
11,34
11,33
11,32
11,31
11,30
11,29
11,28
11,27
11,26
11,25
11,24
11,23
11,22
11,21
11,20
11,19
11,18
11,17
11,16
11,15
11,14
11,13
11,12
11,11
11,10
11,9
11,8
11,7
11,6
11,5
11,4
11,3
11,2
11,1
11,0
10,7
10,6
10,5
10,4
10,3
10,2
10,1
10,0
9,3
9,2
9,1
9,0
8,6
8,5
8,4
8,3
8,2
8,1
8,0
7,4
7,3
7,2
7,1
7,0
6,5
6,4
6,3
6,2
6,1
6,0
5,4
5,3
5,2
5,1
5,0
4,3
2,3
1,3
0,410
0,324
0,243
0,9
0,0
0,1
0,357
0,300
0,356
0,299
0,355
0,298
0,354
0,297
0,353
0,296
0,352
0,295
0,351
0,294
0,350
0,293
0,349
0,292
0,348
0,291
0,347
0,290
0,346
0,289
0,345
0,288
0,344
0,287
0,343
0,286
0,342
0,285
0,341
0,284
0,340
0,283
0,337
0,282
0,336
0,281
0,335
0,280
0,334
0,279
0,333
0,278
0,332
0,277
0,331
0,276
0,330
0,275
0,329
0,274
0,328
0,273
0,327
0,272
0,326
0,271
0,323
0,270
12,32
12,33
12,35
12,36
12,38
12,39
12,41
12,43
12,44
12,46
12,47
12,49
12,51
12,52
12,54
12,55
12,57
12,58
12,60
12,62
12,63
12,65
12,66
12,68
12,70
12,71
12,73
12,74
12,76
12,77
12,79
12,81
12,82
12,84
12,85
12,87
12,89
12,90
12,92
12,93
12,95
12,96
12,98
12,100
12,101
12,103
12,104
12,106
12,108
12,109
12,111
12,112
12,114
12,116
12,117
12,119
12,120
12,122
12,123
12,125
12,127
12,128
12,130
12,131
12,192
12,194
12,195
12,197
12,198
12,200
12,201
12,203
12,205
12,206
12,208
12,209
12,211
12,213
12,214
12,216
12,217
12,219
12,220
12,222
12,224
12,225
12,227
12,228
12,230
12,232
12,233
12,235
12,236
12,238
12,240
12,241
12,243
12,244
12,246
12,247
12,249
12,251
12,252
12,254
12,255
12,257
12,259
12,260
12,262
12,263
12,265
12,266
12,268
12,270
12,271
12,273
12,274
12,276
12,278
12,279
12,281
12,282
12,284
12,285
12,287
12,289
12,290
12,292
12,293
12,295
12,297
12,298
12,300
12,301
12,303
12,304
12,306
12,308
12,309
12,311
12,312
12,314
12,316
12,317
12,319
12,320
12,322
12,324
12,325
12,327
12,328
12,330
12,331
12,333
12,335
12,336
12,338
12,339
12,341
12,343
12,344
12,346
12,347
12,349
12,350
12,352
12,354
12,355
12,357
12,358
12,360
12,362
12,363
12,365
12,366
12,368
12,369
12,371
12,373
12,374
12,376
12,377
12,379
12,381
12,382
12,384
12,385
12,387
12,389
12,390
12,392
12,393
12,395
12,396
12,398
12,400
12,401
12,403
12,404
12,406
12,408
12,409
12,449
12,450
12,452
12,453
12,455
12,457
12,458
12,460
12,461
12,463
12,465
12,466
12,468
12,469
12,471
12,472
12,474
12,476
12,477
12,479
12,478
12,475
12,473
12,470
12,467
12,464
12,462
12,459
12,456
12,454
12,451
12,448
12,407
12,405
12,402
12,399
12,397
12,394
12,391
12,388
12,386
12,383
12,380
12,378
12,375
12,372
12,370
12,367
12,364
12,361
12,359
12,356
12,353
12,351
12,348
12,345
12,342
12,340
12,337
12,334
12,332
12,329
12,326
12,323
12,321
12,318
12,315
12,313
12,310
12,307
12,305
12,302
12,299
12,296
12,294
12,291
12,288
12,286
12,283
12,280
12,277
12,275
12,272
12,269
12,267
12,264
12,261
12,258
12,256
12,253
12,250
12,248
12,245
12,242
12,239
12,237
12,234
12,231
12,229
12,226
12,223
12,221
12,218
12,215
12,212
12,210
12,207
12,204
12,202
12,199
12,196
12,193
12,132
12,129
12,126
12,124
12,121
12,118
12,115
12,113
12,110
12,107
12,105
12,102
12,99
12,97
12,94
12,91
12,88
12,86
12,83
12,80
12,78
12,75
12,72
12,69
12,67
12,64
12,61
12,59
12,56
12,53
12,50
12,48
12,45
12,42
12,40
12,37
12,34
0,320
0,269
0,319
0,268
0,318
0,267
0,317
0,266
0,316
0,265
0,315
0,264
0,314
0,263
0,313
0,262
0,449
0,261
0,312
0,260
0,311
0,259
0,310
0,258
0,309
0,257
0,308
0,256
0,307
0,255
0,301
0,254
0,511
0,253
0,510
0,252
0,509
0,251
0,508
0,250
0,507
0,249
0,506
0,248
0,505
0,247
0,504
0,246
0,503
0,245
0,502
0,244
0,501
0,242
0,436
0,241
0,440
0,240
0,438
0,239
0,437
0,238
0,500
0,237
0,499
0,236
0,498
0,235
0,497
0,234
0,496
0,233
0,495
0,232
0,494
0,231
0,493
0,230
0,492
0,229
0,491
0,228
0,490
0,227
0,489
0,226
0,488
0,225
0,487
0,224
0,325
0,223
0,486
0,222
0,448
0,221
0,485
0,220
0,484
0,219
0,483
0,218
0,482
0,217
0,481
0,216
0,480
0,215
0,479
0,214
0,478
0,213
0,447
0,212
0,477
0,211
0,476
0,210
0,475
0,209
0,474
0,208
0,473
0,207
0,472
0,206
0,471
0,205
0,322
0,204
0,321
0,203
0,470
0,202
0,469
0,201
0,468
0,200
0,467
0,199
0,446
0,198
0,466
0,197
0,465
0,196
0,464
0,195
0,463
0,194
0,445
0,193
0,444
0,192
0,462
0,63
0,361
0,62
0,461
0,61
0,360
0,60
0,359
0,59
0,460
0,58
0,443
0,57
0,459
0,56
0,458
0,55
0,457
0,54
0,442
0,53
0,439
0,52
0,456
0,51
0,455
0,50
0,454
0,49
0,453
0,48
0,441
0,47
0,452
0,46
0,451
0,45
0,450
0,6
0,5
0,304
0,303
0,306
0,305
0,302
0,12
0,10
0,8
0,11
0,4
0,2
0,3
0,7
